 9914747 9396376   53849 2016771 8776582 6937265 5000655 1959361 3050690  310846
  546807  132163 1683002  343535 2973834 3532351 2393823 6368709 9512874  259352
 1441759 5834815 7693917 9254026 7761244 7322126 9961222 7569800 2212160 6690751
 3848801 3865933 6285957 2481600 8727418 1203977 7288190 9568337 9051443  798853
 2846654 4827116 4838717 4429600 5176471 6802825 4702855 7771732 9254577 5821342
 7442001  714311  400975 2271404 1975389 7997109  714215 2699589 7543869 4867851
  625954 9100534 7313168 7010201 5931023 5600197 7853047 8914647 3225589 1063312
 8041621 7864582  425402  758896 7578918 4112071 4704108   87375 9170595 2752429
 7852694 5045782  330928 4787704  769275 1019237 2040521 5359288 1881284 5404357
 9922809 3180588 1233448 4396622  458635 3931834 2778545 4870475 9980135 9974850
 2600939 9754698 3873719 8088722 2178026 4832283 1071767 2030373 2428214 8462219
 1019538 2200974 7988769 5154074 5414358 7258454 8913776 5597874 1442424 7534085
 5926698 3923862 7402649 5135625 9448189 2063694 9425249 9628879 1882492 7207082
 1251656 1005974 8496373 5672900 9774652 4122351 5514764 3586179 8896125 4884442
 6560565 2199581 5532240 1220447 7840459 9472945 8394812 9173301 2494809 1153095
 2818237 1963968 7122876 6066633 9887084 9090882 4414415 1550965 7892405 9851073
  880474 3344492 1712820 3769059 2303684 3429868 2086129 9457488  642124 9007016
 5938391 9519817 6340935  420424 6475889   43192 8461162 9255486 6759228 2310041
 8449007 3469777 6778941 8542620 7290997 6450879 7936041 2846034 6613713 3246400
 9537183 3627026 2165195   48124 2388395 1288118 4070656 7680833 4366439 2649066
 9326633 6241778  667497  576813 6583168 1538599 3930279 8618360 8321426 5793615
 3368457 9197459 1228914 8129463 3801970 8270523 2353637 9326893 7780292 3601231
 1366832 4754391 9429505  569761 1552817 2177723 3335844 5065590 6821256  477753
 2502296 2600055 7150458 5890389 3313680 2896338 7520507 9922918 5671891 1542289
 3971928 8179441 6231498 3849363  138207  923335 7978637 4486070 7385907 5697446
   51577 3317033 9710388 3987266 8592276 7805951 1800601 4613785 5154658 5510534
 3900568 3489882  812301 4534094 5408827 9511793 1037558 5322033  878281 2926992
 4493137 1100515 9348182 7551430 3236841 3280959 1115435 6627638  564306 2347824
   64001 4311238 8013712 6443624 9960398  742997 5556949 4219360 8675741 5084498
 7377300 2346123 5622026 2467026 2608751 2424328 9264544 1206574 5750303 4665704
  466896  501134 5022710 4111449 8424424 9991235 1352274 7710830 6715193 2167592
 7213000 7722222 1003033 5454910 6707717 2527962 6703479 2286242 5992177 4372031
 3009155 5893951 6331408 9325232 3014011 1450915 7352814 2508846 2073575 4022323
 5866061 2060932 1348872 4202864 5623080 5854916 7578855 9027607 6419594 4810657
 5565009 2509696 3524851 5114919  546599 3885459 7324412 1250400 8567656 1120300
 1867488 5948433 6999931 3516362 5305857 4607797 7229864 2439227 3285405 4140920
 1230672 6926546 5993466 9202689 9507744 3825705 9967674 1007041 8881438 9403995
  283400 8834958 7791596 7712094 3938416 1575499 8554903  759299 8298589 5178676
 4251306 1034585 4910179 5661671 2059786 3060080 2296828  268294  163882 2397409
 2012895 3224439 5791181 1214224 4981198 5621868 8742256 6986732 9301525 2609440
   73802 5619999 5457472 8321356 7564311 7588320 7157051 4304447 3513104 2119949
 7210348  873346 2724440 6297945 4434259  732330 5588853 6070286  852985  793588
 6711913 1815780 7631965 3216412 8504161 2710719 8305027 7550600 4022254 8207851
 3793843 9232709 1218420 7322869 1353199 2526019 6714185 3458635 3388837 7270599
 7194118 2653157 5882875 5661916 2825238 8237339 1369704 5017958 9474888 6119533
 4942768  615928 6466356 4379653 9788607 9888706 4823989 8218063 5201294 9184905
 7554171 6662740 6730529 4326137 9648538 7168845  203959 8410996 1232729 7719565
 3875898 9190556 7350608 2883851 3352924 3570792 4917357 4181793  667661 2760470
  547126 3484254 6506441 9286917 9888175 5425847 3672436 4877695  440552 2164176
 1414643 9209963 6727503 3036928 4828895 9204353 7228510 1687655 4963178 2273706
 8523022 3819662 3195335 9497721 7809327 3895188   37170 7351986 4101342 7121532
  795706 8842852 4973830 6733824 6187261 6016282 1962530 8961248 9527162 6525501
 9636802 8853543 2646221  961226 3241731 3152596 1858482 9298951 6807808 7530595
 2485768 6251783 3100561 6629832 2579948 8304681 7144512  121208  828610 2668927
 5064314 5098775 2432985 1811789 1155268  162231 8040782  158096 1283240   43958
 3615296  127446 4689089 1026832  524544 4898171 8948736 3704517 6856883 5333892
 1538291  141601 6020070 4852259  880116 8383548 9755519 8179420 1340584 7912057
 6136769 4798319 1362758 6634499 2841116  700930 1515931 3496456 5033673 7633740
 4221615 8094612 6040825 5910956 2214632   54557 6767093 1884526 6424220 7796670
 1586304 9491110 5961219 9097102 1450153 5400786 7483527 7108447 3975657 7088643
 2748831 3817207  200986 6917160 4671574 6795053  105767  214302 6792333 4860772
 2483983 5146548 5564563 6012006 6801943 5778528 3305210 8240009 9781126 6120489
 4875864 4563574 8740813 2082209 3438712 6646352 3583696 1186956 3858606  554446
 3830379 5127875 3768404 1266571 2937285 4653456 1174040 8940021 3576153 8351497
  395508 8158799 4946940 2168511 6821480 9920315 1841259 2742858 3628083 3153725
 7229625 2227157 3219769 7661507 4258564 7716100 6884782 9135147 5506470 2439761
 7064177 8288575 2491891 1128899 5266511 7055925 7539641 6320600 3017852 6217293
 7710627 7309821 9540200 1496736 5493880 7880950 8097184 8269255 4124501 6470142
  391378 1014010 4878011 1177326 9577529 2496506 7613519 1569381 3025370 4300540
 8751862 4476851 7284694 3345660 9637113  592833 8108321 1248813 4665479 2315356
 9849103 2815597 5271589 6407038 2907565  909249 7855017 4484896 3111512 8340702
 5319217 2175934 5750504 4856756 8315103 8698344 7313178 6333353 7001632 2120522
 1193928 9194216  174497 3570436 6125343 7374436 4057647 8576756 6010965 9103213
 1837053 9115765 6715730 9583376 6088723 2459863  780038 2159987 4688804 9157044
 2872330 8553304 8203147 1876001  764902 6204568 6902740 3580543  153609 6803721
 4875677 3868177 4999788 4595561 2236841  662594 3470577 9055468 3984594 5350804
 7006475 9351889 2668776 9689827 3496229 6320499 8598032 9932986 2759697 7912642
 1489760 9852532 3467927 1551793 7232561 2073125 6079056 5447097 8623115 9082447
 7706578  448101 3097075 2511676  407279 4762168 6882313 6957686 3375606 9401721
 1482462 3010613 6526155 6157741 3677334 1250139  461473  958694 9853101 3713290
 9524837 2908941 9564112 7225134 9063200 6435665 1425028 8227942 6484336 8030253
 2932743 8070128 5081495 2292004 7594267  101520 5882260  310441 5958474 9346359
 7285954 5250621 1941188 8988465 5179862  143716 7062476 2556850 9562654 5212850
 4282849 7098737 7079041 7038240 9175163 9675641 1306221  188134 9345355 4642562
 3969423 2314255  746077 3075553 3951285 9050498  295227 1304183 7162430 5435550
 9286516 1766187 7132121 9371375 3943358 1271197 4793291  703855 9316828 8964954
 1557877 9151800 8360663 4705402 6413893 9550168 6921721 6327878 1820594 2358555
 2546858 5420971 4700900 7641529 7561626 1106454 5287506 1326459 2353130 8855995
 4863742 4627791 5803502 7365414 2603957 1748507 4500024 5239839 6327011 4081121
 2606198 7380564 8936689 4074564 2191218 1788183 9648896 3855354 3321737 9570844
 5531015 4812548 8976424 5358907 8763110 3066972 6328276 6805055 6722654 1824695
 4173150 7251103 1277437 7926440 6765692 2097087 8285579 7017286 3536195 9572415
 2296269 5489643 2465596 3938825 2709432 5498893 6389600 5876684 3241190 4474906
 1599744 5681103 4499494 3258398 2982489 1639840 4084202 1015037 8253552 3207454
 1633092  929845 6083512 9950575 3110772 2366516 2140264 9108250 8232457 8378375
 2975413 6718457 6992488 5477130  438802 4541531 8398531  712128 6314264 1580574
  529354 9221742 1155979 1222824 9052010 1358904 6607961 2068661  646138 7337311
 3252864 7002111 6125180 3884866 5422646 6518152 6731881 3283560 6047011 6090832
 3021752 2008688 1601736 1237468 7289533 8012043 5296075 2425590 7479349 9587330
 9280365 8291344 5499823 1113916 2746083 9183450 5728023  424625 2580204 8661367
